24

0 12000 18 500 400 0 160 1 255 200 120 Alpha

1 40 6 560 340 0 210 1 200 220 255 A1
2 35 6 620 400 0 190 1 180 200 255 A2
3 30 5 5600 460 0 220 1 160 180 255 A3

4 9000 16 860 620 0 -140 1 120 255 180 Beta

5 38 6 800 560 0 -200 1 180 255 200 B1
6 34 5 920 620 0 -180 1 160 240 180 B2
7 28 5 860 680 0 -210 1 140 220 160 B3

8 15000 20 1060 340 0 -120 1 255 180 220 Gamma

9 50 7 1000 280 0 170 1 255 200 240 G1
10 45 6 1120 340 0 150 1 240 180 220 G2
11 42 6 1080 400 0 190 1 220 160 200 G3
12 38 5 1180 340 0 160 1 200 140 180 G4

13 6000 14 700 520 160 0 1 180 255 255 Delta
14 32 5 720 400 200 0 1 160 240 240 D1
15 30 5 840 480 180 0 1 140 220 220 D2

16 7000 15 1260 520 -130 0 1 255 255 180 Epsilon
17 34 6 1200 480 -170 0 1 240 240 160 E1
18 32 5 1320 560 -150 0 1 220 220 140 E2

19 25 4 700 180 220 120 1 200 200 200 Wander-1
20 25 4 840 200 -200 140 1 220 220 220 Wander-2
21 25 4 540 680 180 -160 1 240 240 240 Wander-3

22 18 3 1140 180 -160 -120 1 255 150 150 Drift-X
23 18 3 440 580 140 160 1 150 255 150 Drift-Y